0 0 0 0 0 5 5 5 5 5 6
6 6 7 6 6 0 0 0 0 0 0 0 0 0 0 0 0 0 0 0 0 0 0 0 0 0 0 0 0 0 0 0 0 0 0 0 0 0 0 0 0 0 0 0 0 0 0 0 0 0 0 0 0 0 0 10 10 10 10 10 10 10 10 10 10 0 0 0 0 0 0 0 0 0 0 0 0 0 0 0 0 0 0 0 0 0 0 0 0 0 0 0 0 0 0 0 0 0 0 0 0 0 0 0 0 
1 1 1 1 1 
1 1 1 1 1 
1 1 1 1 1 
1 1 1 1 1 
1 1 1 1 1 

7 7 7 7 7 
7 7 7 7 7 
7 7 7 7 7 
7 7 7 7 7 
7 7 7 7 7 

1 1 1 1 1 
1 1 1 1 1 
1 1 1 1 1 
1 1 1 1 1 
1 1 1 1 1 

1 1 1 1 1 
1 1 1 10 1 
1 1 1 1 1 
1 1 1 1 1 
1 1 1 1 1 
0 0 0 0 0 5 5 5 5 5 6
6 6 7 6 6 0 0 0 0 0 0 0 0 0 0 0 0 0 0 0 0 0 0 0 0 0 0 0 0 0 0 0 0 0 0 0 0 0 0 0 0 0 0 0 0 0 0 0 0 0 0 0 0 0 0 10 10 10 10 10 10 10 10 10 10 0 0 0 0 0 0 0 0 0 0 0 0 0 0 0 0 0 0 0 0 0 0 0 0 0 0 0 0 0 0 0 0 0 0 0 0 0 0 0 0 
1 1 1 1 1 
1 1 1 1 1 
1 1 1 1 1 
1 1 1 1 1 
1 1 1 1 1 

7 7 7 7 7 
7 7 7 7 7 
7 7 7 7 7 
7 7 7 7 7 
7 7 7 7 7 

1 1 1 1 1 
1 1 1 1 1 
1 1 1 1 1 
1 1 1 1 1 
1 1 1 1 1 

1 1 1 1 1 
1 1 1 10 1 
1 1 1 1 1 
1 1 1 1 1 
1 1 1 1 1 
0 0 0 0 0 5 5 5 5 5 6
6 6 7 6 6 0 0 0 0 0 0 0 0 0 0 0 0 0 0 0 0 0 0 0 0 0 0 0 0 0 0 0 0 0 0 0 0 0 0 0 0 0 0 0 0 0 0 0 0 0 0 0 0 0 0 10 10 10 10 10 10 10 10 10 10 0 0 0 0 0 0 0 0 0 0 0 0 0 0 0 0 0 0 0 0 0 0 0 0 0 0 0 0 0 0 0 0 0 0 0 0 0 0 0 0 
1 1 1 1 1 
1 1 1 1 1 
1 1 1 1 1 
1 1 1 1 1 
1 1 1 1 1 

7 7 7 7 7 
7 7 7 7 7 
7 7 7 7 7 
7 7 7 7 7 
7 7 7 7 7 

1 1 1 1 1 
1 1 1 1 1 
1 1 1 1 1 
1 1 1 1 1 
1 1 1 1 1 

1 1 1 1 1 
1 1 1 10 1 
1 1 1 1 1 
1 1 1 1 1 
1 1 1 1 1 
0 0 0 0 0 5 5 5 5 5 6
6 6 7 6 6 
1 1 1 1 1 
1 1 1 1 1 
1 1 1 1 1 
1 1 1 1 1 
1 1 1 1 1 

7 7 7 7 7 
7 7 7 7 7 
7 7 7 7 7 
7 7 7 7 7 
7 7 7 7 7 

1 1 1 1 1 
1 1 1 1 1 
1 1 1 1 1 
1 1 1 1 1 
1 1 1 1 1 

1 1 1 1 1 
1 1 1 10 1 
1 1 1 1 1 
1 1 1 1 1 
1 1 1 1 1 
